225273973 28078
225273973 85674
225273973 2724404
225273973 30161112
225273973 40372390
225273973 41580584
225273973 42561476
225273973 47380680
225273973 49729748
225273973 53147102
225273973 58341532
225273973 62224035
225273973 69103079
225273973 71741654
225273973 80229894
225273973 81907626
225273973 85066524
225273973 91841091
225273973 92880808
225273973 93363831
225273973 100631497
225273973 103312100
225273973 104300581
225273973 114122524
225273973 118548644
225273973 133031364
225273973 133482468
225273973 134751449
225273973 136806293
225273973 136858659
225273973 137216645
225273973 137737473
225273973 138040487
225273973 139326437
225273973 140124163
225273973 141483512
225273973 141520865
225273973 142448902
225273973 145586920
225273973 147024945
225273973 151222708
225273973 152037974
225273973 152802626
225273973 153379107
225273973 154289030
225273973 155305131
225273973 157055184
225273973 157173373
225273973 157578659
225273973 161221586
225273973 163000358
225273973 163653953
225273973 164061095
225273973 166926619
225273973 167744050
225273973 167915965
225273973 168662704
225273973 169106503
225273973 169197278
225273973 169413115
225273973 169552307
225273973 171278862
225273973 172712141
225273973 173461324
225273973 174915045
225273973 175457865
225273973 176051006
225273973 176109237
225273973 176814958
225273973 177343800
225273973 178640962
225273973 180045606
225273973 180463756
225273973 180832136
225273973 181755419
225273973 184540002
225273973 186016492
225273973 186714652
225273973 191340425
225273973 192098382
225273973 193956977
225273973 194232553
225273973 194675175
225273973 195498227
225273973 196114716
225273973 196397490
225273973 198206415
225273973 199269021
225273973 200221960
225273973 202202920
225273973 203437876
225273973 204206331
225273973 208346869
225273973 209086097
225273973 210008338
225273973 210638767
225273973 211124194
225273973 213980245
225273973 214626293
225273973 215338148
225273973 216941194
225273973 218176691
225273973 219641715
225273973 220482522
225273973 221640468
225273973 223708983
225273973 223955224
225273973 225330729
225273973 225407074
225273973 225604380
225273973 227300600
225273973 230293523
225273973 230363596
225273973 231300738
225273973 234466337
225273973 235079561
225273973 235800962
225273973 236775060
225273973 237960703
225273973 239798122
225273973 240958468
225273973 241956728
225273973 242357981
225273973 242461603
225273973 243130895
225273973 245741926
225273973 246421118
225273973 246502455
225273973 248210323
225273973 252180562
225273973 252272898
225273973 253205370
225273973 258508880
225273973 259612148
225273973 259627961
225273973 260727628
225273973 261347725
225273973 264296484
225273973 264372362
225273973 264775480
225273973 265251589
225273973 266269575
225273973 267282554
225273973 267485080
225273973 267494917
225273973 268576548
225273973 269329330
225273973 270213104
225273973 270905809
225273973 275740582
225273973 276744658
225273973 277802246
225273973 278912288
225273973 280406946
225273973 282772708
225273973 287435662
225273973 289776893
225273973 290620897
225273973 290945634
225273973 291605086
225273973 293551199
225273973 294340480
225273973 294900133
225273973 295999040
225273973 296070056
225273973 298246146
225273973 299370816
225273973 300408067
225273973 305468811
225273973 307830620
225273973 311612301
225273973 315659078
225273973 316365954
225273973 322461085
225273973 323963824
225273973 324016473
225273973 329497383
225273973 330592630
225273973 330772028
225273973 335063656
225273973 338125089
225273973 344726674
225273973 349485103
225273973 354566764
225273973 367267247
225273973 370391378
225273973 370607432
225273973 376817161
225273973 380121705
225273973 381620447
225273973 384614981
225273973 385030320
225273973 407209795
225273973 408049752
225273973 411144913
225273973 412501691
225273973 412593731
225273973 412784511
225273973 418567501
225273973 420056011
225273973 423408896
225273973 427284355
225273973 436118136
225273973 436158933
225273973 436451205
225273973 438806886
225273973 443962103
225273973 444048981
225273973 444233527
225273973 448101539
225273973 457875698
225273973 459118137
225273973 466269438
225273973 468135322
225273973 472293258
225273973 473529626
225273973 482010614
225273973 484788781
225273973 489514706
225273973 491423347
225273973 493276912
225273973 504964591
225273973 506453012
225273973 509527210
225273973 523111662
225273973 523801963
225273973 531941484
225273973 535343416
225273973 540847650
225273973 543064324
225273973 543846945
225273973 557507855
225273973 558737434
225273973 560819997
225273973 566454850
225273973 572708533
225273973 590095154
225273973 613857396
225273973 28078
225273973 85674
225273973 2724404
225273973 30161112
225273973 40372390
225273973 41580584
225273973 42561476
225273973 47380680
225273973 49729748
225273973 53147102
225273973 58341532
225273973 62224035
225273973 69103079
225273973 71741654
225273973 80229894
225273973 81907626
225273973 85066524
225273973 91841091
225273973 92880808
225273973 93363831
225273973 100631497
225273973 103312100
225273973 104300581
225273973 114122524
225273973 118548644
225273973 133031364
225273973 133482468
225273973 134751449
225273973 136806293
225273973 136858659
225273973 137216645
225273973 137737473
225273973 138040487
225273973 139326437
225273973 140124163
225273973 141483512
225273973 141520865
225273973 142448902
225273973 145586920
225273973 147024945
225273973 151222708
225273973 152037974
225273973 152802626
225273973 153379107
225273973 154289030
225273973 155305131
225273973 157055184
225273973 157173373
225273973 157578659
225273973 161221586
225273973 163000358
225273973 163653953
225273973 164061095
225273973 166926619
225273973 167744050
225273973 167915965
225273973 168662704
225273973 169106503
225273973 169197278
225273973 169413115
225273973 169552307
225273973 171278862
225273973 172712141
225273973 173461324
225273973 174915045
225273973 175457865
225273973 176051006
225273973 176109237
225273973 176814958
225273973 177343800
225273973 178640962
225273973 180045606
225273973 180463756
225273973 180832136
225273973 181755419
225273973 184540002
225273973 186016492
225273973 186714652
225273973 191340425
225273973 192098382
225273973 193956977
225273973 194232553
225273973 194675175
225273973 195498227
225273973 196114716
225273973 196397490
225273973 198206415
225273973 199269021
225273973 200221960
225273973 202202920
225273973 203437876
225273973 204206331
225273973 208346869
225273973 209086097
225273973 210008338
225273973 210638767
225273973 211124194
225273973 213980245
225273973 214626293
225273973 215338148
225273973 216941194
225273973 218176691
225273973 219641715
225273973 220482522
225273973 221640468
225273973 223708983
225273973 223955224
225273973 225330729
225273973 225407074
225273973 225604380
225273973 227300600
225273973 230293523
225273973 230363596
225273973 231300738
225273973 234466337
225273973 235079561
225273973 235800962
225273973 236775060
225273973 237960703
225273973 239798122
225273973 240958468
225273973 241956728
225273973 242357981
225273973 242461603
225273973 243130895
225273973 245741926
225273973 246421118
225273973 246502455
225273973 248210323
225273973 252180562
225273973 252272898
225273973 253205370
225273973 258508880
225273973 259612148
225273973 259627961
225273973 260727628
225273973 261347725
225273973 264296484
225273973 264372362
225273973 264775480
225273973 265251589
225273973 266269575
225273973 267282554
225273973 267485080
225273973 267494917
225273973 268576548
225273973 269329330
225273973 270213104
225273973 270905809
225273973 275740582
225273973 276744658
225273973 277802246
225273973 278912288
225273973 280406946
225273973 282772708
225273973 287435662
225273973 289776893
225273973 290620897
225273973 290945634
225273973 291605086
225273973 293551199
225273973 294340480
225273973 294900133
225273973 295999040
225273973 296070056
225273973 298246146
225273973 299370816
225273973 300408067
225273973 305468811
225273973 307830620
225273973 311612301
225273973 315659078
225273973 316365954
225273973 322461085
225273973 323963824
225273973 324016473
225273973 329497383
225273973 330592630
225273973 330772028
225273973 335063656
225273973 338125089
225273973 344726674
225273973 349485103
225273973 354566764
225273973 367267247
225273973 370391378
225273973 370607432
225273973 376817161
225273973 380121705
225273973 381620447
225273973 384614981
225273973 385030320
225273973 407209795
225273973 408049752
225273973 411144913
225273973 412501691
225273973 412593731
225273973 412784511
225273973 418567501
225273973 420056011
225273973 423408896
225273973 427284355
225273973 436118136
225273973 436158933
225273973 436451205
225273973 438806886
225273973 443962103
225273973 444048981
225273973 444233527
225273973 448101539
225273973 457875698
225273973 459118137
225273973 466269438
225273973 468135322
225273973 472293258
225273973 473529626
225273973 482010614
225273973 484788781
225273973 489514706
225273973 491423347
225273973 493276912
225273973 504964591
225273973 506453012
225273973 509527210
225273973 523111662
225273973 523801963
225273973 531941484
225273973 535343416
225273973 540847650
225273973 543064324
225273973 543846945
225273973 557507855
225273973 558737434
225273973 560819997
225273973 566454850
225273973 572708533
225273973 590095154
225273973 613857396
85674 30161112
85674 239798122
2724404 141483512
2724404 145586920
2724404 203437876
2724404 239798122
2724404 330592630
2724404 489514706
30161112 239798122
40372390 118548644
40372390 239798122
40372390 330592630
40372390 385030320
41580584 62224035
41580584 93363831
41580584 133482468
41580584 134751449
41580584 136806293
41580584 137737473
41580584 152037974
41580584 153379107
41580584 155305131
41580584 157173373
41580584 167744050
41580584 169106503
41580584 169413115
41580584 171278862
41580584 173461324
41580584 180832136
41580584 195498227
41580584 223708983
41580584 307830620
41580584 311612301
41580584 315659078
42561476 93363831
42561476 141483512
42561476 186016492
42561476 196397490
42561476 211124194
42561476 330592630
42561476 472293258
42561476 572708533
47380680 62224035
47380680 85066524
47380680 118548644
47380680 141483512
47380680 147024945
47380680 155305131
47380680 161221586
47380680 167744050
47380680 171278862
47380680 235079561
47380680 290620897
47380680 300408067
47380680 311612301
47380680 315659078
47380680 330592630
49729748 62224035
49729748 114122524
49729748 134751449
49729748 155305131
49729748 169106503
49729748 169413115
49729748 171278862
49729748 180832136
49729748 235079561
49729748 239798122
49729748 267282554
49729748 307830620
49729748 315659078
49729748 330592630
49729748 381620447
49729748 466269438
53147102 264775480
62224035 93363831
62224035 104300581
62224035 114122524
62224035 133482468
62224035 134751449
62224035 136806293
62224035 145586920
62224035 152037974
62224035 153379107
62224035 155305131
62224035 157173373
62224035 166926619
62224035 167744050
62224035 169413115
62224035 171278862
62224035 173461324
62224035 176109237
62224035 176814958
62224035 180832136
62224035 195498227
62224035 196114716
62224035 196397490
62224035 223708983
62224035 235079561
62224035 239798122
62224035 293551199
62224035 300408067
62224035 311612301
62224035 381620447
62224035 566454850
71741654 214626293
80229894 141483512
80229894 151222708
80229894 152802626
80229894 157173373
80229894 169552307
80229894 176814958
80229894 186016492
80229894 196397490
80229894 204206331
80229894 210638767
80229894 216941194
80229894 265251589
80229894 269329330
80229894 270905809
80229894 293551199
80229894 411144913
80229894 420056011
80229894 489514706
81907626 134751449
81907626 136858659
81907626 145586920
81907626 169106503
81907626 169413115
81907626 171278862
81907626 174915045
81907626 216941194
81907626 239798122
81907626 264296484
81907626 290620897
81907626 293551199
81907626 300408067
81907626 418567501
81907626 459118137
85066524 141483512
85066524 169413115
85066524 195498227
85066524 459118137
91841091 141483512
92880808 141483512
93363831 133482468
93363831 145586920
93363831 152037974
93363831 157173373
93363831 161221586
93363831 167744050
93363831 169413115
93363831 173461324
93363831 203437876
93363831 239798122
93363831 311612301
103312100 141483512
103312100 168662704
103312100 213980245
103312100 225407074
103312100 330592630
104300581 152802626
104300581 157173373
104300581 163653953
104300581 167744050
104300581 169552307
104300581 173461324
104300581 176814958
104300581 180832136
104300581 186016492
104300581 195498227
104300581 196397490
104300581 216941194
104300581 223708983
104300581 270905809
104300581 277802246
104300581 293551199
104300581 411144913
104300581 420056011
104300581 489514706
114122524 133482468
114122524 136806293
114122524 152037974
114122524 153379107
114122524 155305131
114122524 157173373
114122524 167744050
114122524 173461324
114122524 176814958
114122524 195498227
114122524 223708983
114122524 235079561
114122524 311612301
114122524 315659078
114122524 330592630
114122524 459118137
118548644 147024945
118548644 155305131
118548644 169413115
118548644 171278862
118548644 176109237
118548644 235079561
118548644 300408067
118548644 315659078
118548644 381620447
118548644 466269438
133482468 136806293
133482468 152037974
133482468 153379107
133482468 155305131
133482468 157173373
133482468 167744050
133482468 169106503
133482468 169413115
133482468 171278862
133482468 173461324
133482468 180832136
133482468 195498227
133482468 196114716
133482468 216941194
133482468 239798122
133482468 277802246
133482468 311612301
133482468 566454850
134751449 136858659
134751449 153379107
134751449 155305131
134751449 161221586
134751449 167744050
134751449 169106503
134751449 169413115
134751449 171278862
134751449 173461324
134751449 176109237
134751449 180832136
134751449 216941194
134751449 235079561
134751449 239798122
134751449 264296484
134751449 267282554
134751449 290620897
134751449 300408067
134751449 311612301
134751449 315659078
134751449 316365954
134751449 459118137
134751449 466269438
134751449 472293258
136806293 145586920
136806293 152037974
136806293 153379107
136806293 157173373
136806293 173461324
136806293 176814958
136806293 223708983
136806293 267282554
136806293 277802246
136806293 311612301
136858659 169106503
136858659 239798122
136858659 264296484
137216645 157055184
137216645 225407074
137737473 152037974
137737473 153379107
137737473 167744050
137737473 173461324
137737473 180832136
137737473 195498227
137737473 307830620
137737473 315659078
138040487 214626293
141483512 151222708
141483512 152802626
141483512 154289030
141483512 155305131
141483512 167915965
141483512 169552307
141483512 171278862
141483512 176814958
141483512 186016492
141483512 186714652
141483512 196397490
141483512 203437876
141483512 208346869
141483512 213980245
141483512 216941194
141483512 219641715
141483512 225407074
141483512 259612148
141483512 269329330
141483512 270905809
141483512 290620897
141483512 330592630
141483512 385030320
141483512 411144913
141483512 412593731
141483512 420056011
141483512 472293258
141483512 489514706
142448902 196114716
142448902 214626293
142448902 558737434
145586920 153379107
145586920 157173373
145586920 167744050
145586920 169413115
145586920 173461324
145586920 176814958
145586920 180832136
145586920 196397490
145586920 203437876
145586920 204206331
145586920 223708983
145586920 239798122
145586920 311612301
147024945 155305131
147024945 171278862
147024945 180832136
147024945 235079561
147024945 300408067
151222708 152802626
151222708 169552307
151222708 176814958
151222708 186016492
151222708 196397490
151222708 210638767
151222708 216941194
151222708 269329330
151222708 270905809
151222708 330592630
151222708 489514706
152037974 153379107
152037974 155305131
152037974 167744050
152037974 169106503
152037974 169413115
152037974 171278862
152037974 173461324
152037974 180832136
152037974 195498227
152037974 223708983
152037974 307830620
152037974 311612301
152037974 504964591
152802626 169552307
152802626 176814958
152802626 186016492
152802626 196397490
152802626 204206331
152802626 210638767
152802626 211124194
152802626 216941194
152802626 267282554
152802626 269329330
152802626 270905809
152802626 330592630
152802626 420056011
152802626 472293258
152802626 489514706
153379107 155305131
153379107 157173373
153379107 167744050
153379107 169106503
153379107 169413115
153379107 171278862
153379107 173461324
153379107 180832136
153379107 195498227
153379107 307830620
153379107 311612301
153379107 504964591
154289030 181755419
154289030 208346869
154289030 219641715
154289030 316365954
154289030 385030320
155305131 161221586
155305131 167744050
155305131 169106503
155305131 169413115
155305131 171278862
155305131 173461324
155305131 176109237
155305131 235079561
155305131 290620897
155305131 300408067
155305131 311612301
155305131 315659078
155305131 330592630
155305131 381620447
155305131 466269438
157055184 225407074
157173373 173461324
157173373 176814958
157173373 180832136
157173373 195498227
157173373 223708983
157173373 277802246
157173373 293551199
157173373 311612301
157578659 175457865
157578659 261347725
161221586 169413115
161221586 171278862
161221586 270905809
161221586 315659078
163000358 225407074
163000358 473529626
163653953 166926619
163653953 220482522
163653953 221640468
163653953 427284355
163653953 523801963
163653953 558737434
164061095 166926619
164061095 169552307
164061095 172712141
164061095 176814958
164061095 196397490
164061095 211124194
164061095 290620897
164061095 472293258
164061095 523801963
164061095 566454850
164061095 572708533
166926619 169552307
166926619 176814958
166926619 186016492
166926619 196397490
166926619 204206331
166926619 211124194
166926619 290620897
166926619 472293258
166926619 566454850
167744050 169106503
167744050 169413115
167744050 171278862
167744050 173461324
167744050 176814958
167744050 180832136
167744050 195498227
167744050 216941194
167744050 223708983
167744050 237960703
167744050 267282554
167744050 277802246
167744050 307830620
167744050 311612301
167744050 315659078
167744050 504964591
167915965 176051006
168662704 213980245
168662704 225407074
169106503 169413115
169106503 171278862
169106503 173461324
169106503 180463756
169106503 210638767
169106503 227300600
169106503 235079561
169106503 239798122
169106503 264296484
169106503 290620897
169106503 300408067
169106503 324016473
169106503 459118137
169197278 176051006
169197278 180463756
169197278 184540002
169197278 216941194
169197278 385030320
169197278 436118136
169197278 444233527
169413115 171278862
169413115 173461324
169413115 176109237
169413115 180832136
169413115 195498227
169413115 196397490
169413115 235079561
169413115 239798122
169413115 267282554
169413115 277802246
169413115 290620897
169413115 295999040
169413115 300408067
169413115 307830620
169413115 311612301
169413115 315659078
169413115 381620447
169413115 418567501
169413115 459118137
169552307 176814958
169552307 186016492
169552307 196397490
169552307 204206331
169552307 211124194
169552307 216941194
169552307 267282554
169552307 269329330
169552307 270905809
169552307 330592630
169552307 411144913
169552307 472293258
169552307 489514706
169552307 566454850
171278862 173461324
171278862 176109237
171278862 180832136
171278862 196114716
171278862 210638767
171278862 235079561
171278862 239798122
171278862 270905809
171278862 277802246
171278862 290620897
171278862 300408067
171278862 307830620
171278862 311612301
171278862 315659078
171278862 330592630
171278862 466269438
172712141 211124194
172712141 472293258
172712141 566454850
173461324 176814958
173461324 180832136
173461324 195498227
173461324 223708983
173461324 239798122
173461324 307830620
173461324 311612301
173461324 315659078
174915045 239798122
174915045 287435662
174915045 300408067
174915045 307830620
174915045 566454850
175457865 199269021
175457865 261347725
175457865 275740582
175457865 349485103
176051006 484788781
176109237 276744658
176109237 300408067
176109237 315659078
176109237 381620447
176109237 466269438
176814958 186016492
176814958 196397490
176814958 204206331
176814958 210638767
176814958 211124194
176814958 216941194
176814958 223708983
176814958 265251589
176814958 269329330
176814958 270905809
176814958 277802246
176814958 290620897
176814958 293551199
176814958 311612301
176814958 330592630
176814958 411144913
176814958 427284355
176814958 472293258
176814958 489514706
176814958 523801963
176814958 566454850
176814958 572708533
178640962 218176691
178640962 253205370
178640962 367267247
180463756 436118136
180832136 195498227
180832136 216941194
180832136 223708983
180832136 237960703
180832136 239798122
180832136 277802246
180832136 307830620
180832136 311612301
180832136 315659078
180832136 381620447
180832136 418567501
180832136 436118136
180832136 504964591
181755419 184540002
181755419 216941194
181755419 316365954
181755419 412593731
184540002 186714652
184540002 316365954
184540002 412593731
184540002 436118136
184540002 444233527
184540002 448101539
186016492 196397490
186016492 204206331
186016492 210638767
186016492 211124194
186016492 216941194
186016492 267282554
186016492 269329330
186016492 270905809
186016492 290620897
186016492 330592630
186016492 411144913
186016492 472293258
186016492 489514706
186016492 566454850
186714652 436118136
191340425 330592630
194232553 199269021
194232553 209086097
194232553 234466337
194232553 240958468
194232553 260727628
194232553 266269575
194232553 290945634
194232553 349485103
194232553 543064324
194232553 560819997
195498227 216941194
195498227 223708983
195498227 237960703
195498227 239798122
195498227 277802246
195498227 307830620
195498227 311612301
195498227 315659078
195498227 418567501
196114716 287435662
196114716 290620897
196114716 311612301
196114716 558737434
196114716 566454850
196397490 204206331
196397490 210008338
196397490 211124194
196397490 216941194
196397490 269329330
196397490 270905809
196397490 296070056
196397490 330592630
196397490 411144913
196397490 420056011
196397490 472293258
196397490 489514706
196397490 523801963
196397490 566454850
196397490 572708533
198206415 199269021
198206415 202202920
198206415 252272898
198206415 260727628
198206415 278912288
198206415 298246146
198206415 349485103
198206415 370391378
198206415 436451205
198206415 482010614
198206415 493276912
199269021 202202920
199269021 230363596
199269021 260727628
199269021 275740582
199269021 278912288
199269021 298246146
199269021 349485103
199269021 370391378
199269021 436451205
199269021 482010614
199269021 493276912
199269021 543064324
199269021 560819997
202202920 234466337
202202920 260727628
202202920 298246146
202202920 349485103
202202920 370391378
202202920 482010614
202202920 493276912
203437876 330592630
203437876 489514706
204206331 216941194
204206331 269329330
204206331 330592630
204206331 411144913
204206331 489514706
208346869 219641715
209086097 436451205
210008338 211124194
210008338 221640468
210008338 287435662
210008338 296070056
210008338 427284355
210008338 523801963
210638767 269329330
210638767 270905809
210638767 411144913
210638767 489514706
211124194 221640468
211124194 223708983
211124194 290620897
211124194 427284355
211124194 438806886
211124194 472293258
211124194 523801963
211124194 566454850
211124194 572708533
213980245 225407074
213980245 330592630
216941194 223708983
216941194 237960703
216941194 239798122
216941194 269329330
216941194 270905809
216941194 277802246
216941194 311612301
216941194 316365954
216941194 330592630
216941194 420056011
216941194 466269438
216941194 489514706
218176691 253205370
218176691 367267247
219641715 385030320
219641715 412593731
220482522 296070056
220482522 427284355
220482522 523801963
221640468 296070056
221640468 427284355
221640468 438806886
221640468 523801963
223708983 277802246
223708983 293551199
223708983 311612301
225407074 330592630
225407074 376817161
225407074 385030320
225407074 473529626
225407074 590095154
225604380 330592630
227300600 324016473
230293523 259627961
230363596 268576548
230363596 298246146
230363596 349485103
234466337 260727628
234466337 298246146
234466337 349485103
234466337 468135322
235079561 300408067
235079561 315659078
235079561 330592630
235079561 381620447
236775060 349485103
237960703 277802246
239798122 264296484
239798122 290620897
239798122 300408067
239798122 459118137
239798122 466269438
239798122 472293258
239798122 566454850
240958468 290945634
240958468 349485103
243130895 261347725
252272898 370391378
252272898 543064324
253205370 367267247
258508880 590095154
259612148 330592630
260727628 268576548
260727628 298246146
260727628 349485103
260727628 370391378
260727628 436451205
260727628 468135322
260727628 482010614
261347725 275740582
264296484 290620897
264296484 324016473
264372362 491423347
264372362 590095154
265251589 269329330
265251589 270905809
265251589 411144913
266269575 436451205
267282554 269329330
268576548 270213104
268576548 298246146
268576548 349485103
269329330 270905809
269329330 330592630
269329330 411144913
269329330 420056011
269329330 489514706
270213104 275740582
270213104 298246146
270905809 330592630
270905809 411144913
270905809 420056011
270905809 489514706
275740582 298246146
275740582 349485103
277802246 287435662
277802246 293551199
277802246 311612301
278912288 349485103
278912288 493276912
282772708 484788781
287435662 444048981
290620897 300408067
290620897 330592630
290620897 427284355
290620897 472293258
290620897 523801963
290620897 566454850
290620897 572708533
290945634 349485103
293551199 311612301
294340480 543064324
294900133 376817161
294900133 491423347
295999040 590095154
296070056 427284355
296070056 438806886
298246146 349485103
298246146 560819997
300408067 315659078
300408067 381620447
300408067 418567501
300408067 459118137
300408067 466269438
307830620 311612301
307830620 316365954
307830620 412593731
307830620 504964591
311612301 315659078
315659078 381620447
315659078 466269438
316365954 412593731
329497383 444048981
329497383 558737434
330592630 385030320
330592630 411144913
330592630 420056011
330592630 472293258
330592630 489514706
349485103 436451205
349485103 457875698
349485103 493276912
370391378 436451205
370391378 482010614
370391378 493276912
376817161 473529626
381620447 466269438
384614981 436451205
384614981 457875698
385030320 412593731
411144913 489514706
412593731 420056011
412593731 436118136
412593731 443962103
418567501 459118137
427284355 438806886
427284355 472293258
427284355 523801963
427284355 566454850
427284355 572708533
436118136 448101539
436451205 457875698
438806886 572708533
443962103 444233527
444048981 558737434
466269438 558737434
468135322 493276912
468135322 560819997
472293258 566454850
491423347 590095154
493276912 543064324
523801963 558737434
558737434 566454850
566454850 572708533
